17 13 0 16 1 4 2 13 3 12 2 9 0 8 3 3 5 17 4 3 7 9 3 7 7 9 5 0 7 1 7 10 9 14 9
20 14 0 0 2 3 0 11 1 8 2 18 2 17 2 16 4 10 7 6 2 12 6 18 6 11 5 13 7 19 6 16 7 13 9 9 9 2 9 6 9
26 12 0 18 0 3 1 3 2 10 3 10 4 5 2 7 4 2 1 11 2 9 1 8 5 14 3 15 4 19 4 6 4 13 6 2 5 12 8 14 7 14 8 4 8 9 8 1 8 8 9 0 9
21 8 0 0 1 13 1 7 1 19 0 3 3 4 4 1 2 1 3 12 5 19 3 3 8 9 4 15 5 5 6 18 7 11 7 15 7 9 7 0 8 15 9
18 11 0 8 1 16 2 4 3 15 2 3 4 15 3 17 3 14 2 5 5 2 4 14 5 11 6 14 6 19 7 7 9 6 8 5 9
19 10 0 15 0 13 2 15 1 1 1 6 0 14 1 7 5 19 2 18 4 2 3 11 4 8 7 5 7 5 8 19 8 11 9 4 9 18 9
20 0 0 4 1 10 1 10 2 7 3 16 3 10 5 13 5 5 3 18 3 16 5 3 6 6 3 14 4 1 6 7 8 9 6 11 8 2 8 19 9
20 5 0 2 0 0 4 0 5 19 1 4 5 6 1 2 2 11 3 16 6 9 2 17 5 17 6 17 7 4 7 10 8 18 8 8 8 12 9 1 9
21 16 0 1 0 17 0 0 3 5 1 18 1 13 4 12 3 12 4 8 4 4 6 7 6 1 5 12 7 6 5 6 6 2 6 6 7 15 8 17 9 16 9
18 4 0 7 0 12 1 7 2 17 1 0 6 10 6 5 4 1 4 18 5 8 6 19 5 15 6 13 8 17 8 2 7 16 8 3 9
