40 2 0 19 1 16 1 15 1 8 3 8 4 17 4 11 5 16 6 18 4 19 5 14 6 16 8 1 6 9 6 13 5 19 7 6 4 2 11 16 12 3 7 3 8 3 9 7 13 12 7 9 12 18 14 11 12 12 10 7 18 8 17 16 17 19 14 7 20 10 15 14 22 7 23 3 16 18 21 0 14
39 8 0 9 0 14 1 3 2 4 2 16 4 19 3 5 6 16 7 8 8 4 7 18 7 10 3 0 8 10 4 9 9 18 8 13 7 4 12 7 12 13 9 6 9 4 14 8 13 7 15 3 12 16 16 18 15 18 16 17 14 14 18 2 17 11 16 6 14 2 19 10 16 9 17 0 12 0 13
34 4 0 3 1 8 2 17 3 7 1 9 2 16 5 13 0 6 0 10 1 9 5 17 7 17 8 12 4 7 10 8 11 14 11 15 8 11 7 0 10 3 10 2 15 4 16 9 13 15 14 13 13 8 18 17 15 16 19 9 16 18 20 1 18 6 16 10 18
42 19 0 1 0 2 1 11 3 18 1 4 4 2 2 9 3 4 6 12 2 10 2 4 8 3 4 15 3 6 3 17 9 15 5 19 8 3 6 2 12 11 6 6 8 2 14 15 10 7 14 14 13 18 13 10 8 10 9 3 13 13 12 14 16 14 17 7 19 10 13 9 15 13 14 1 17 8 21 11 19 9 18 1 19
36 16 0 7 0 17 1 11 2 5 3 0 2 15 2 4 3 5 5 2 3 13 2 2 6 13 3 7 8 4 10 2 10 1 8 17 11 2 13 15 9 11 8 5 9 12 8 12 9 1 12 14 15 8 16 11 14 6 13 8 19 8 20 18 19 2 20 12 14 5 14 2 22
37 15 0 5 1 4 1 17 2 19 2 3 3 0 4 8 7 7 4 8 9 8 10 16 10 1 7 2 9 13 6 17 10 19 9 10 5 12 6 8 12 11 9 18 12 15 11 7 16 5 10 1 13 17 13 10 11 10 12 18 17 4 19 5 13 12 13 13 15 14 23 4 20 7 24
34 0 0 8 1 18 0 12 1 14 3 18 2 19 4 7 3 9 4 18 6 6 2 14 7 2 8 9 7 9 8 0 9 12 5 6 7 4 13 19 11 16 15 3 11 19 13 15 13 7 17 11 13 3 14 1 15 18 18 11 17 7 22 3 15 10 17 15 16
41 11 0 3 0 17 0 5 2 16 2 14 2 16 3 0 3 1 4 8 6 17 5 18 5 2 5 19 6 16 9 13 4 12 3 14 8 15 4 4 11 6 5 7 11 15 7 16 13 17 12 14 12 19 12 14 14 15 12 13 10 10 10 6 11 6 12 12 11 16 18 11 15 12 12 14 20 16 20 17 16 14 24
41 12 0 10 0 9 1 1 2 11 4 8 5 14 4 4 5 18 3 0 5 13 1 0 6 17 6 0 7 7 7 4 9 16 11 14 9 14 10 13 8 19 10 18 11 16 14 9 11 10 7 4 15 11 10 11 11 6 10 8 15 4 18 5 11 9 14 10 14 2 18 0 11 14 21 11 18 19 15 12 15 3 17
43 5 0 14 0 11 1 1 1 0 1 5 4 1 3 7 2 1 5 14 5 2 4 5 7 6 1 7 5 7 6 2 7 5 8 7 9 3 5 15 6 6 6 18 9 18 10 9 10 10 6 1 9 1 10 1 11 8 14 13 11 4 17 2 16 1 14 5 12 14 19 1 16 7 21 15 15 6 15 8 22 2 21 11 20 18 22
