41 2 0 15 1 19 1 16 1 8 3 8 4 6 3 6 4 18 4 16 6 14 6 1 6 19 5 16 8 3 8 3 9 13 5 2 11 9 6 19 7 16 12 11 5 12 7 8 17 7 13 9 12 12 10 17 13 18 14 7 18 11 12 16 17 7 19 7 20 10 15 19 14 14 22 7 23 1 19 18 21 0 14
40 8 0 9 0 14 1 12 1 4 2 3 2 19 3 16 4 5 6 8 8 16 7 4 7 18 7 0 8 10 3 10 4 6 9 18 8 8 13 4 12 3 12 9 9 13 7 7 12 4 14 13 9 7 15 16 16 6 14 17 14 2 17 14 18 18 15 18 16 11 16 0 13 10 16 18 18 9 17 15 16
33 4 0 6 0 8 2 3 1 7 1 17 3 13 0 16 5 9 2 12 4 10 1 17 7 8 11 15 8 3 10 0 10 2 12 14 11 0 12 11 7 8 18 2 15 9 13 4 16 15 14 17 15 13 13 16 19 9 16 6 16 1 18 18 20 10 18
42 19 0 1 0 2 1 14 2 18 1 2 2 15 3 4 4 12 2 3 4 4 6 15 5 3 6 9 3 4 8 10 2 6 8 17 8 17 9 11 3 15 10 7 10 19 8 3 13 11 6 2 14 7 14 14 13 18 13 10 8 10 9 14 16 14 17 13 12 10 13 9 15 2 19 1 17 8 21 13 14 11 19 9 18
36 7 0 17 1 16 0 0 2 15 2 5 3 4 3 5 5 2 3 13 2 13 3 2 6 7 8 1 8 4 10 2 10 11 2 15 9 5 9 17 11 2 13 8 16 12 8 11 8 12 9 6 13 14 15 1 12 8 19 8 20 11 14 12 14 2 20 18 19 5 14 2 22
37 15 0 5 1 17 2 4 1 19 2 0 4 3 3 8 7 7 4 8 9 8 10 1 7 12 6 16 10 2 9 8 12 10 5 17 10 13 6 5 10 15 11 19 9 18 12 11 9 7 16 15 13 10 11 1 13 10 12 4 19 12 13 18 17 4 20 5 13 14 23 13 15 7 24
34 0 0 8 1 18 0 14 3 14 4 18 2 7 3 17 4 19 4 18 6 14 7 12 5 6 7 9 4 2 8 0 9 6 10 3 11 9 7 9 8 4 13 9 11 3 14 3 15 16 15 3 16 7 17 19 11 11 13 1 15 19 13 11 17 7 22 10 17
41 17 0 3 0 11 0 5 2 0 3 16 2 16 3 1 4 8 6 15 4 12 3 6 5 18 5 17 5 2 5 3 7 14 8 16 9 15 7 13 4 19 6 4 11 6 11 6 12 7 11 16 13 14 12 15 12 17 12 14 14 13 10 10 10 12 11 12 12 19 12 16 18 11 15 14 20 17 16 16 20 14 24
40 12 0 10 0 1 2 6 2 8 5 9 1 4 5 18 3 1 5 0 5 13 1 0 6 17 6 0 7 7 7 4 9 14 9 16 11 14 10 11 4 0 11 8 15 18 11 13 8 16 14 10 7 4 15 19 10 11 10 11 11 4 18 9 14 2 18 10 14 5 11 14 21 12 15 11 18 19 15 3 17
43 5 0 14 0 0 1 1 1 6 1 1 3 5 4 7 2 14 5 3 5 2 4 5 7 7 5 6 6 7 6 15 6 2 7 5 8 11 1 9 5 7 9 18 9 8 14 18 10 9 10 10 6 1 9 1 10 1 11 2 16 13 11 4 17 6 15 1 14 14 19 15 15 1 16 7 21 5 12 2 21 8 22 11 20 18 22
