19 0 0 10 1 14 1 16 2 7 2 4 4 15 7 3 5 1 6 4 8 12 8 2 8 7 7 3 11 5 13 16 12 19 13 17 14 13 14
22 7 0 9 0 4 1 4 2 14 3 15 5 11 3 4 5 4 6 3 6 11 5 15 9 5 10 4 9 2 9 1 10 19 11 10 11 7 11 6 14 13 13 8 14
21 19 0 18 1 11 0 0 2 4 3 3 2 12 4 3 4 12 5 6 6 17 8 8 6 14 10 13 8 7 8 16 11 8 12 17 13 13 12 9 13 7 14
17 2 0 17 1 3 1 17 3 8 3 10 5 18 7 18 8 10 7 15 10 9 7 6 10 5 11 4 10 1 11 0 12 19 14
21 15 0 16 1 10 2 15 4 19 3 14 5 18 6 11 4 5 7 5 8 4 7 6 7 13 7 17 11 16 10 13 9 0 10 13 11 19 12 10 13 14 14
23 6 0 19 2 14 2 5 2 1 3 14 4 13 4 5 6 9 4 17 7 8 5 13 6 7 6 1 9 15 12 2 10 6 12 3 12 10 12 4 12 5 14 0 13 0 14
20 17 0 16 0 5 1 6 2 16 3 16 4 5 5 19 4 16 7 9 5 18 9 19 7 19 8 12 9 7 9 14 12 11 12 1 12 2 13 1 14
18 10 0 19 1 9 1 11 1 18 5 16 5 2 4 19 5 1 7 2 7 17 10 18 11 19 10 8 11 6 13 2 12 12 13 11 14
21 13 0 8 0 6 1 2 1 12 3 17 4 1 5 16 6 7 3 0 5 3 7 12 7 8 7 10 8 8 9 10 9 10 10 18 14 3 13 7 13 2 14
19 1 0 0 1 18 3 13 3 5 4 9 3 6 5 7 4 12 6 3 8 6 8 16 9 9 8 9 9 17 12 12 11 11 13 4 13 4 14
18 5 0 13 1 8 1 8 2 5 3 10 4 6 4 0 4 15 8 9 6 17 9 18 10 3 10 11 10 2 11 4 11 12 12 9 14
20 18 0 14 0 15 1 13 2 2 2 11 2 3 3 14 7 5 9 11 6 14 9 3 9 0 8 6 11 8 10 11 11 15 13 9 12 3 14 12 14
20 4 0 18 2 12 2 10 3 6 3 17 5 14 6 13 5 14 8 0 6 16 8 1 8 8 8 11 9 0 9 12 10 9 10 9 11 16 13 10 14
20 1 1 12 1 7 1 15 3 0 3 1 4 2 3 17 6 8 4 2 6 11 7 6 9 11 8 19 9 5 12 18 13 7 10 14 13 8 13 16 14
21 12 0 3 0 1 2 15 2 17 2 18 4 9 2 15 6 10 6 2 5 7 5 19 6 0 7 15 11 14 11 18 12 13 10 0 11 7 12 1 13 15 14
