23 2 0 6 1 13 2 0 3 12 3 1 2 3 3 6 5 3 5 13 7 9 6 17 7 8 7 4 8 14 13 19 10 17 9 2 11 6 11 18 10 16 12 18 12 16 14
19 19 0 15 1 9 1 0 4 14 4 15 4 3 4 4 4 12 7 13 8 7 6 14 11 9 10 3 12 11 12 6 12 17 12 17 13 18 13
17 7 0 4 0 4 1 2 2 3 2 13 4 18 3 8 5 14 9 5 7 19 9 6 9 10 9 1 11 0 10 4 13 19 14
21 15 0 14 1 11 2 5 1 9 2 16 3 10 2 18 4 6 7 19 7 3 9 17 8 2 9 5 10 5 11 0 11 8 12 16 13 12 13 11 14 1 14
19 9 0 2 1 16 1 13 3 6 4 13 5 17 5 4 5 9 7 18 6 15 8 3 11 15 9 19 11 7 11 13 12 8 13 3 14 18 14
20 5 0 0 1 17 1 1 1 18 2 12 5 6 6 16 5 19 6 10 4 2 8 1 8 10 8 4 10 13 11 4 12 3 13 15 12 2 14 8 14
21 12 0 0 0 1 0 8 3 14 3 5 2 11 5 19 5 11 7 5 6 10 5 3 10 7 8 0 7 13 10 15 10 15 11 5 12 10 12 9 14 12 14
19 8 0 17 0 3 0 4 2 0 5 15 5 11 6 3 6 1 6 16 7 18 7 10 7 5 9 9 11 8 10 12 12 18 11 7 13 0 14
22 10 0 12 1 0 2 16 2 19 3 12 4 1 3 8 4 10 3 2 6 7 5 4 6 4 7 10 6 14 12 1 10 14 14 2 12 17 11 11 13 6 14 5 14
20 13 0 10 1 15 2 17 2 7 2 9 3 9 4 13 6 1 5 5 5 12 8 6 8 7 7 16 8 2 10 18 9 19 12 10 11 5 13 10 14
19 8 1 11 1 14 2 12 2 2 3 17 4 16 4 5 4 18 5 3 8 9 8 12 9 13 9 7 9 7 10 17 10 9 13 4 14 7 14
20 18 0 18 1 6 2 3 1 4 3 14 6 7 3 14 8 15 6 3 7 16 6 19 8 5 8 12 10 6 10 16 10 9 12 2 13 1 12 13 14
22 14 0 16 0 7 1 11 3 6 3 17 3 14 5 5 3 9 5 8 6 11 8 14 10 1 7 11 10 4 9 8 9 11 11 0 9 10 10 19 13 13 13 17 14
20 6 0 19 1 19 2 11 4 2 4 14 7 7 4 2 7 11 9 0 6 1 9 8 8 0 8 12 11 16 11 7 12 0 12 0 13 10 13 15 14
18 11 0 8 2 13 1 15 3 19 4 1 4 2 5 12 6 17 6 15 7 9 9 18 8 16 9 4 11 8 11 6 13 15 13 1 13
