13 4 0 4 1 11 2 1 4 6 4 4 3 9 5 4 5 14 6 9 7 8 7 3 9 0 9
18 13 0 10 0 8 0 3 1 1 2 1 3 6 3 7 4 8 3 13 5 9 4 5 5 13 7 11 7 7 7 4 7 12 8 6 9
15 9 0 7 2 0 0 13 3 4 2 14 4 5 4 14 5 8 4 3 7 6 8 12 7 9 8 2 8 12 9
13 3 0 1 0 12 0 14 1 0 1 2 2 3 4 11 5 4 4 10 7 12 6 13 8 5 9
17 6 0 7 1 10 1 8 1 1 1 12 1 14 2 11 3 9 3 12 4 0 4 11 6 5 7 14 7 1 8 4 8 9 9
15 7 0 11 0 6 1 9 1 6 2 3 3 14 3 0 2 10 6 5 6 1 7 5 8 2 7 14 9 4 9
12 10 2 10 3 7 3 9 2 11 4 13 6 1 6 2 4 12 5 0 5 11 8 11 9
16 14 0 5 1 5 2 8 2 12 3 7 5 3 5 3 6 6 7 8 5 4 6 10 8 7 8 0 6 10 9 13 9
16 2 0 13 1 13 2 3 2 12 2 10 5 1 5 6 5 6 6 9 6 8 6 2 6 7 9 1 9 8 8 8 9
15 5 0 11 1 10 4 2 1 13 4 5 3 2 3 0 3 7 6 2 5 3 8 14 8 0 7 0 8 2 9
