14 2 0 8 0 14 2 11 2 10 3 4 4 12 4 3 7 1 7 10 7 5 6 14 9 0 8 0 9
16 14 0 9 1 1 1 3 2 13 2 5 2 7 3 11 3 13 4 6 5 10 6 3 8 13 7 0 7 8 7 2 9
16 1 0 13 0 4 0 10 1 7 1 3 3 6 2 8 2 6 4 7 5 14 6 6 6 11 7 12 6 4 8 4 9
15 10 0 7 0 1 2 1 3 1 4 14 4 2 4 10 5 13 5 6 7 9 7 14 8 1 9 9 9 12 9
18 9 0 12 0 4 1 3 1 5 1 14 3 3 4 13 3 6 3 9 4 0 4 5 5 2 6 7 6 7 7 12 7 12 8 11 9
15 3 0 13 1 2 1 0 1 10 2 5 3 0 3 9 5 9 6 14 7 12 5 8 6 5 7 6 9 11 8
12 5 0 4 2 9 3 12 3 1 5 11 4 2 5 0 5 6 8 10 8 10 9 5 9
15 6 0 9 2 0 0 12 2 4 3 3 5 10 4 1 6 4 5 1 8 0 6 2 7 7 8 13 9 8 9
15 14 1 6 1 8 1 2 2 0 2 7 4 3 6 8 3 8 4 8 5 4 6 4 7 13 8 3 9 7 9
14 11 0 12 1 11 1 7 2 2 3 14 5 5 4 11 5 11 6 13 6 9 8 2 8 5 8 8 8
